-6.774544671682002084e-02
8.927827386832370982e-02
-1.198532765251244525e-01
-1.390204501653686531e-01
6.848532921055427297e-03
8.398528532143888573e-03
1.406119880215417617e-01
7.175257830125240932e-02
1.151417270388056802e-01
-7.479591523844249246e-02
-1.520702113413515411e-01
-4.176529289367923725e-02
2.499021157644600033e-02
4.034733120073138307e-02
5.125046160440140629e-03
-1.834438266951142135e-02
2.138902092219794882e-01
-2.007312285534817997e-02
-1.196222940757354913e-02
1.613124754157625393e-02
-6.541830537032897186e-02
-1.487524039695388260e-02
-3.833996570147980149e-02
-5.579249534216689649e-03
-1.265468172457841767e-01
5.594997845753436894e-02
5.735157883936423812e-02
4.371117405856441568e-02
2.378259794541259797e-01
1.934354288395862334e-02
-3.690681647786052400e-02
8.598602006302377351e-03
-3.130748173281982377e-02
-8.109533139830453138e-03
-4.683284255194644641e-02
5.109476267291910428e-02
-3.501686671391517763e-02
1.461062445001219678e-02
-3.902421881564976935e-02
-1.150130018495575286e-02
5.281774235617239799e-02
1.382326075328366988e-01
5.680828813745546907e-02
4.063699777684644243e-02
1.572737872997978167e-02
6.884401775400271484e-02
1.014311587423593758e-01
7.739240524265050825e-02
1.415962048855672062e-01
1.051786009825840529e-01
-8.820489483452929533e-03
-9.820737653134511969e-02
2.166393593997789635e-02
2.027466686389450268e-01
-1.109672080454313613e-02
2.704461961400612957e-02
2.179972748577422344e-03
-2.529769411597475662e-02
-1.047031830453793999e-01
-1.414668262812211752e-01
1.847368001772965451e-01
-5.832099657369360646e-03
-1.648309937067596875e-01
6.292646289588980923e-02
1.966770111296537449e-01
-1.896706492374212738e-01
1.204811347390724596e-01
2.994147940235033709e-02
4.979505250942135863e-02
-1.689750401200746099e-01
-4.308221809349178921e-02
1.191790161231717493e-01
1.037083333848884126e-01
4.448043343919140524e-02
-2.433483501901283486e-01
3.179899589600992255e-02
-2.452388688093093405e-02
-6.697942733489369027e-02
1.294245089551045724e-01
-1.936260171367545913e-02
-4.087365134622595458e-02
1.117777953523123452e-01
-8.908865505365942683e-02
-8.976940035245765948e-02
1.341543979830898403e-01
2.227997286988337919e-02
4.786070869594836324e-02
6.103886158822113828e-02
-4.604474643163750103e-02
2.469024480887118539e-02
3.474423398291214687e-02
-2.492000267905450372e-02
2.582891310952659114e-01
2.005775353418017548e-01
8.932058999385106279e-02
-5.593704171176454992e-02
-5.423149093796461595e-02
1.362725232695096433e-01
-1.218570599821053868e-01
-4.566231564848466373e-02
1.411394535325081467e-01
-1.211773260044675810e-01
-8.597188841279490568e-02
-1.256169456110918514e-01
-9.011157414663814244e-03
-6.908003525084088770e-02
-4.775069514637619861e-02
3.638426795591806484e-02
4.381085031709497368e-02
1.005021376024646945e-01
1.225414755974275072e-01
1.274517503819207476e-01
-1.022387262602358557e-02
-3.699109232164326383e-02
1.034626793183472948e-01
6.668768085661897545e-04
1.398652501208622334e-01
-2.424228692232420143e-02
2.259433395392331997e-02
-1.481193454428185452e-01
3.961378209635102454e-02
4.649289534859093326e-02
-1.963732337189172672e-01
8.474981780183338254e-02
5.132044960301149900e-02
-7.592816494701433438e-02
1.933516771166421400e-01
1.482239446634735919e-04
-2.497265588679879744e-02
-1.003123172288047926e-01
5.103447033083126361e-02
6.832748504317243815e-03
6.532141683356432194e-02
-3.660584344573448307e-02
3.701177474865897932e-02
5.903928256080272219e-02
6.029360785315619753e-02
1.250654381275276283e-01
-1.007243141665973424e-02
-1.598709621164852990e-01
3.903020886108690690e-02
-7.527656874676734444e-02
-7.454019184960479494e-02
-8.537378766983744205e-02
-4.794696994942779233e-02
-1.405739946703656040e-01
4.834678470728490107e-02
-2.486504374477787049e-01
1.541978113392761252e-02
-5.770678254555039466e-02
9.685848455291479198e-02
3.584553376179432094e-02
5.661901610255386935e-02
-1.369125089077183055e-01
-1.241083930390783630e-02
-1.638126516938959165e-01
-7.563023318934500305e-02
6.680812026822493394e-03
4.055384988839993987e-02
1.990402092269562273e-01
7.931836892054426602e-02
1.930899501793588158e-01
1.410576876874886365e-01
-5.642225186831409389e-02
1.619401581971586235e-01
1.564534014160769981e-01
8.237094624959231948e-02
6.259491389441329545e-02
-1.047098434376335235e-01
-1.486442547238322198e-01
2.788791406793134781e-02
-9.394433154735654101e-02
2.290373764321172734e-02
-5.158556102850641450e-02
-4.327795912393759409e-02
-4.438635416743960671e-02
-1.250066979680525270e-02
1.937816384402376788e-02
7.771499795867844139e-03
-5.490948180012313051e-02
-3.756640735346502419e-02
-1.113956024645547105e-01
1.484171293870132913e-01
-1.517048658754385770e-01
8.602519797823519887e-02
-1.634661531946730584e-01
9.742510230814356575e-02
9.065474530235564932e-02
3.181223948718434058e-02
8.871554477497058415e-04
1.186484556649866249e-04
-3.405120822798816255e-02
1.298317245151824062e-01
-3.640831042638816017e-02
-1.178393472347254688e-02
3.226759048873580060e-02
-1.293721702594367862e-01
8.338512425088208391e-02
-1.546860017203500748e-01
-1.063943184956302884e-02
3.779481278859146004e-02
-1.738934725813732762e-01
-2.535552061026018211e-02
4.402395191794598872e-02
6.824298080140168976e-02
-2.343725849833769304e-01
7.296200217026270474e-02
5.180581300206983653e-02
3.249119091852896435e-02
1.850729734155723283e-01
-2.798916785789403935e-02
5.816016721497511283e-02
-8.243543294658770004e-02
-1.524611075544709572e-02
-9.167485224803721688e-02
2.374228806408926751e-01
-1.714077937527545004e-01
1.142554325977634955e-01
-4.859274156638228315e-02
1.283061780345420289e-01
8.517849965344541363e-02
2.798682439037369907e-02
-1.189748578164165488e-01
-7.054751454015732726e-02
8.273627267455163636e-02
-1.453684164982199378e-01
8.337720281077608264e-02
-6.723739710353364429e-02
8.764181425654977986e-02
-5.968541402133875629e-02
-3.105507991833085860e-02
-7.526449530267667609e-02
9.834826472425956066e-04
-1.453346581744699995e-01
1.525719373814733992e-01
-6.400425885790599068e-02
-4.147519324682921033e-02
9.432825478091300120e-02
-4.549343268459579009e-02
1.016495619698662978e-01
-8.977576856218245915e-02
-2.426153988241072992e-02
-8.307181629570170589e-02
7.810465283053552588e-02
-1.503561562355632819e-01
7.689214272221674140e-02
2.459850399486363231e-03
1.627997604482590496e-02
-6.198749905442235003e-02
-4.707977688754954454e-03
1.617288814901043648e-01
-4.461862321482928245e-02
-2.588847116266955461e-02
-3.609164294402439355e-02
3.863877451967998727e-02
1.215883899787385120e-01
7.936185173164211903e-02
-7.161145399085981633e-02
4.557676474546824841e-02
1.158704266834729713e-01
1.297086867495737816e-01
-5.747844007924951537e-02
-6.614878056973932940e-02
-5.666835652545281626e-02
-1.381700318370006385e-03
-8.579355452067972954e-02
-4.644736627724294076e-02
2.066857157049953875e-01
1.539623570845479739e-01
5.216002567808354987e-03
-7.990280098217845961e-03
1.704449122884850801e-02
1.268712295163371695e-01
1.257973549686800755e-03
-1.267407320224490097e-01
-2.285405762285428258e-03
-1.984488069411670733e-02
9.593313092125128894e-02
-5.153883209221300776e-02
-3.165982601230895449e-02
4.395247142500079141e-02
-3.695541374938478979e-02
-3.408807722072772217e-02
5.496477340665661959e-02
-2.295901547033992185e-01
1.590684001394692126e-01
1.584710008485117616e-01
-2.630090652363736292e-01
-1.702285916209877667e-02
-1.134406340518116091e-02
9.745131552460598034e-02
-6.806645411708416547e-03
3.987881891371928937e-03
-1.049269318057033940e-01
1.138726657881942023e-01
-2.164313628867994832e-02
-1.996156380593287483e-01
-1.438122795358659223e-01
-1.261826441198644344e-01
2.133375212971649892e-01
-2.058423848426423411e-02
1.437183466165412992e-03
-4.654546635858016618e-02
7.794585020560004796e-02
-3.322431074349590369e-02
6.770347422951955921e-03
-1.068257588312750833e-01
4.809273623078568101e-03
1.398387293783420193e-01
8.339331858764896521e-02
-1.865588683142868284e-02
-2.052215419044429306e-02
-1.409667837518318451e-02
-4.915815666773937914e-02
-8.784466406952659567e-02
-6.622954296088477688e-02
-3.175225882206689915e-03
2.100314543283688523e-02
-8.019789189453456479e-02
-4.618270792702067196e-02
-9.542038626179577543e-02
-1.410814012717973576e-01
1.472853751970193137e-01
1.589055137976968027e-02
-1.631951263448598310e-01
7.301249867807453608e-02
1.383158143856909328e-01
-1.570588839294494443e-01
2.186955881728760986e-02
-5.274588690770585370e-02
-2.114674178618108913e-01
1.097008896441342141e-01
2.255537685821071975e-02
1.568817115028260656e-01
1.253201170508597834e-02
6.701700228241479207e-03
7.713607125187638136e-02
1.295900932650213555e-01
-1.354718495636704767e-01
-1.810723898133239154e-02
-8.517851160985208392e-02
4.111730138759663554e-03
-5.915231555871058866e-02
-4.118798809963114538e-02
8.212838788514763289e-02
5.816248260149401578e-02
2.796154776678169696e-02
1.101156385410068661e-01
-3.372510151729998101e-02
-1.397727326704812090e-01
-2.396337404436303664e-02
1.566156658571762894e-01
-2.551807324009359827e-03
-1.323941047392410836e-02
-1.765237162552926731e-01
4.770002572882468816e-02
-4.575394046685881538e-02
4.933786860796698925e-02
1.697060298644523235e-01
-1.768837161378812237e-02
-1.451826563030143326e-02
-2.806903582099957994e-02
1.072821521981401488e-01
-1.986984613677902998e-03
-1.759335761045134339e-01
7.037586448606496237e-02
1.482155450869849234e-01
-4.768673872663852648e-02
-7.620657860465489958e-03
3.619692668029653865e-02
5.028405581931391644e-02
-1.138989903290182487e-01
1.030851946282268783e-01
1.078309093816642444e-01
-1.403773646328294322e-01
2.523302121858630662e-02
-4.516194162886846830e-02
1.927975584589070313e-01
-2.514996766334167203e-02
1.198011373164097892e-01
-1.490976956476017939e-02
6.109521575677606675e-02
4.497653894985837592e-02
-1.521219378392159871e-01
-3.449839435781733299e-02
1.929683965664509560e-02
-4.307220813087317413e-02
-3.600764804703675964e-02
-1.789481094079946322e-02
-9.694829650212627437e-02
-6.053937201825751457e-02
-3.436474021897668180e-02
1.562712160861154040e-02
-1.187216615304771961e-01
9.329446520854289826e-02
1.531871498545995559e-02
-9.063912715807950771e-02
-1.359826913528768000e-01
-8.827241233631799577e-02
-9.593776976991706673e-02
7.219629245076002177e-02
1.298207370798995335e-02
-1.124946410408967368e-01
-7.987909341257931617e-02
-1.083181109032642364e-02
1.041124361659596514e-01
6.514051891474462175e-02
-5.197096551392710317e-02
2.631391005761663654e-02
3.077318269148309957e-02
-1.418013082265332514e-01
1.455069012583371652e-02
-2.955824938304586931e-03
-2.111561967641405191e-02
-9.071528121962267599e-02
8.732017772585719262e-02
-5.841236053535919792e-02
-9.165845198946467529e-03
-1.825217673871743981e-02
-6.104312676158665796e-02
-4.234780000905908476e-02
-2.905596759920147168e-02
-1.439224999096473945e-01
-6.409097162330774922e-02
6.758511449370795121e-02
9.875193181780995977e-02
-1.265454225889004782e-02
-2.016743276961523446e-01
1.337524383138299633e-01
9.916617049159003050e-02
8.266237948880887643e-02
-1.176183767664635005e-01
-4.218435554286916606e-02
-1.813996269630850922e-01
1.419626669663929565e-03
5.963895561121149158e-02
-8.247105728048714432e-03
1.472439112894912694e-01
-3.219719298862334933e-02
-1.452609598823507708e-01
1.304116021329789210e-01
2.259540965685898767e-02
-9.164396496440890827e-02
-4.960434071946798890e-02
1.439319580647643038e-01
8.728009046741630472e-02
1.994913119785333977e-02
2.178886981922894539e-01
-3.984849322438568237e-02
-8.769264747236256430e-02
1.016702286438508906e-01
3.895067196586266683e-02
-5.148957996252986891e-02
-9.764509940700960566e-02
-4.715998204542379280e-02
-8.740423503822461471e-02
3.520491204497892823e-02
-1.775966865122153432e-02
-2.971695885894442071e-02
-4.648665206580571141e-02
1.761436729279042823e-01
7.235641315435609178e-03
1.822929186477423996e-02
-9.711535378946055397e-02
3.583016487845689518e-02
8.774866510914362122e-03
-1.343384823303642450e-01
1.287095342580123203e-01
-3.902243138865180150e-02
7.705021788177711384e-02
2.012691382203975476e-01
2.637863241790504576e-01
-7.575711206110860747e-03
-2.091308562664601078e-02
-2.259034741878228683e-02
1.635939187335738454e-01
6.558079720348175545e-02
1.429679948784031152e-01
-8.141548874040028042e-03
5.483103766619593783e-02
2.200581321856778100e-02
-8.579239867816776388e-02
-1.496627320649120962e-01
1.202042893797593409e-01
-1.366784702280183506e-01
-8.092124016848903367e-03
1.059318824281082067e-01
-1.010831255004894791e-01
2.936980327126067613e-03
-2.015449882141912355e-02
-9.302155909005831169e-02
-2.003870978176278683e-01
-1.546349912051231956e-01
-3.138256274086480974e-02
-7.600306614356848456e-02
-7.258484526175315588e-02
-1.319446229627177780e-01
-1.315923167746106681e-01
2.979270530620814483e-02
-5.872946373633688988e-02
-1.320800627987513409e-01
1.621389467184470579e-01
1.121754367084798337e-01
-2.082620744352499387e-02
-2.085202117381537018e-02
2.543356296874883099e-02
-5.919754030228563391e-02
-5.344856399055300522e-02
-5.661777090018813019e-02
-6.007512805310424864e-02
-6.216471761859792416e-02
-7.628994218429208107e-02
2.052403609602408696e-01
-1.029891844931178496e-01
-2.624511871341031130e-02
-8.441277261964337530e-02
-5.417748433421216460e-03
1.311302686389011901e-02
-1.658603386936187071e-02
-2.405547255978240234e-02
-2.941566738030258060e-02
-6.346171067231354442e-03
-4.668061559614800765e-02
-3.138033176345732950e-02
1.309709360361019093e-01
-4.346094119394217775e-02
8.410199740658984291e-02
1.615445052786749491e-01
6.056395058083365035e-02
-9.646860633719528400e-02
-6.656043781471720827e-04
2.435169075178466105e-02
4.678259268324813647e-02
1.457802833735967196e-01
-1.043111755179370048e-01
6.911529842206176610e-02
-1.839488509930243543e-01
9.928317659368146586e-02
6.521394113129470871e-02
-1.963063473429142725e-01
-9.819349394836997258e-02
-1.080759087174024968e-01
2.337411450438851845e-02
3.281627076807496629e-02
4.641830242848474231e-02
6.938572073947917029e-02
-5.965855963953736046e-02
8.355980539863436252e-02
1.169578730671919087e-01
-2.080196156191227164e-01
-4.871098450850532696e-02
4.824182900881872349e-03
-1.582608864800798543e-01
-1.774780445579783039e-01
5.232459859995619578e-02
-9.348441376760188715e-02
4.446950560530600616e-02
-1.358252105941514312e-02
5.932786938679251998e-02
-7.665720986372648316e-02
8.415628484673338960e-02
-5.094541354716486392e-02
-4.083452993790523400e-02
1.803618433196692572e-01
1.392931651245004569e-03
3.600524428878616734e-02
-1.616366386258406285e-01
-1.348801941076923638e-01
-8.548577880497895687e-02
1.813711322238855395e-01
1.491607389843807412e-02
7.241704747773883288e-02
4.853168143940148060e-02
2.125926502016478037e-01
9.738291017834774244e-02
-2.798842147807135278e-02
1.174000278318035745e-01
2.323536366767853679e-03
4.435232722773781167e-02
6.151663287932218616e-02
9.898245717209411265e-02
1.659633135731692355e-01
-3.996070982873516086e-02
2.293004384054000977e-02
-8.982869813022330285e-02
2.025570104731688401e-02
1.742284045837419124e-02
-3.415977634048111833e-02
-1.084705815094073600e-01
1.279584535068781226e-01
-9.565563236340929310e-02
2.489667673083490948e-02
-6.970609561919879904e-02
-9.763894757382116096e-02
1.507835584442263066e-01
8.234503329852675690e-02
6.179340057230668735e-04
4.857885620273649091e-02
-1.310747826865301391e-01
9.874797387905587254e-02
1.966441233142829023e-02
-4.182842767108827658e-02
-7.338603885570431362e-02
6.820415341995521297e-02
1.909113299151356941e-02
-1.086396647239132734e-01
-1.798359544066025981e-02
-4.459026553526697356e-02
-7.127186140187317942e-02
1.875174222283023870e-02
-1.393480713571983998e-01
-5.826583396966314443e-02
-6.543945305276901991e-02
1.007152374382138948e-01
1.020943966747468734e-01
1.907543720775172202e-01
1.297217976856354475e-02
3.607318336768489814e-02
2.245355599074104758e-01
-2.203805678587367201e-02
-6.252986424976929823e-03
-9.292653342779932935e-02
-2.662008772959128036e-02
1.299138981051822794e-01
-4.549530893470251497e-02
1.669710372319741787e-01
-1.812250812292561797e-01
4.420847127071684396e-02
-7.144585905718141283e-02
-2.386744145279083573e-02
-1.512551132076517535e-01
-4.901284201890829251e-02
-4.505543923133217138e-02
-5.832480764518132438e-02
1.118166342917056993e-01
1.833508886221139542e-02
-7.416220400050725636e-02
1.090960045251481159e-01
-1.603263334932211459e-01
-1.150232496808201860e-01
9.642068594477842813e-02
-2.793997780307802201e-02
7.281323509241913183e-02
8.824216380388563707e-03
-3.930116206255751532e-02
1.984952129310854074e-01
1.594918899650280553e-01
2.273538866394146929e-01
6.087068990096124177e-02
4.506813867946804497e-02
5.932024784650271991e-03
-1.993747021940393271e-01
-1.085405470058932627e-02
6.720842616357769819e-03
-5.119777170301539893e-02
-1.127090760651376089e-01
-1.247680339284556877e-01
1.734787749882883423e-01
-7.496798486561474795e-02
-5.459248189012685937e-02
7.970245013324836481e-02
-5.024621916684385292e-02
7.475564696447610513e-02
1.165594881926087373e-01
-1.266042532047486902e-01
-1.708072648760678158e-01
-1.745731525499300829e-01
3.602541060866506356e-02
2.142937957548330941e-01
8.811589358537610939e-03
-1.001911718291140785e-01
1.948580532855449243e-01
2.150812002389307365e-02
1.065209342469032178e-01
1.419838066446087177e-01
6.957587508940779597e-03
7.867914800338124404e-02
9.420582436391593262e-02
-1.733370852180490806e-02
-4.119668496256558357e-03
1.386649969977148469e-02
-1.102896584427467963e-01
8.484956142713741267e-02
1.213883668777305247e-01
4.018899739502423268e-02
8.074665766570210401e-02
9.959452902469051461e-02
-1.760536793494827945e-01
-1.242590032875772466e-01
3.666248937299673022e-02
-2.164505762872538375e-01
6.105609010327597841e-02
-2.122308080250840667e-01
2.787668296776742508e-02
1.725654661778518346e-03
-8.580264361372748338e-02
-6.067946577520245445e-03
3.471846502802516249e-02
2.599414501664785299e-02
9.911639760519348752e-03
5.806429038099097245e-02
-6.539819915506406289e-02
-8.355206484180000004e-02
-3.321495039352503204e-02
6.168474690458669585e-03
-4.599700877454464265e-02
4.389540387860018517e-02
2.187395781669485006e-02
-7.444498978455735272e-02
-1.727632408959511173e-02
-1.979317780460795873e-02
6.457869261290172247e-02
6.911336125980885314e-02
-2.685942371988939842e-02
5.920545221283810000e-02
3.546559515814546454e-02
-3.087655831265471301e-02
-3.589525034342932672e-03
-1.022287622998411943e-01
-6.626114337052041448e-02
-1.904701091347147379e-01
-2.514496461294786489e-02
-7.275981546911525558e-03
8.775778315777580871e-03
-3.114248260054154616e-02
-9.526381756907033316e-02
4.381349248266919877e-02
-4.124106328679899916e-04
-7.067318258254659535e-02
1.485020485148849378e-01
-9.649968870627069484e-02
9.112308771365013049e-02
6.958641391200736520e-03
-1.344264248452574084e-01
-6.312976263115609166e-02
-4.591337919931741049e-03
1.315503653910294612e-01
1.226321076358626305e-01
-1.463509526490590906e-01
-1.065922222271599024e-01
-2.889748472607978763e-02
-1.935095487457989469e-02
2.761038385345581866e-02
8.025433934227314825e-02
-2.649453599271275883e-02
-4.117117189156726392e-02
-3.020527387000270219e-03
1.691413802245210762e-01
-5.409374746635220443e-02
-8.244754761133675502e-02
-7.372441956935149587e-02
1.265755201406820463e-01
1.195148510801443964e-01
-1.874086139309565358e-01
1.278104718172759779e-01
8.473687248694437846e-02
-3.446667224561203446e-02
-7.628762022994176745e-03
9.202409362124280845e-02
-9.395904820844210026e-02
1.289334733154005042e-01
-6.891684513189200167e-02
-1.072509780204931734e-01
-2.683422713854195785e-02
-1.157688007928200369e-01
6.446424583572069045e-02
-5.525366898461549388e-03
2.861894215609157022e-01
-1.164362381313367029e-02
-2.429943319578406762e-04
-1.958671660905149988e-03
1.787787468348893405e-01
3.369914660365000425e-02
-1.096356528307265016e-01
2.218182716471961066e-02
1.698930291598516884e-01
-5.443969020976636985e-02
-1.160975398911956308e-01
-1.667761434179534374e-01
8.457133985248053640e-03
1.308269872360215413e-02
1.907179673060126202e-02
1.154171842457911989e-01
4.023269018008242791e-03
7.400068549306032528e-02
4.656779052334256153e-02
1.022871340713891880e-01
-1.263621262310472559e-01
-1.999062671820120984e-01
6.531061974986591967e-02
-4.260732449701255808e-02
2.686123872035184302e-04
2.943264471184420250e-02
1.268487445694649676e-02
1.371900628176307424e-01
8.307832943297334405e-02
1.233776283041794902e-01
1.690518186721661764e-01
-2.065901541973085842e-01
1.897531180487329050e-01
1.104819658554735406e-01
4.614825839139864716e-02
-5.343582289609469932e-02
4.657391836140745145e-02
1.240442127644415804e-01
-7.146066008290329064e-02
3.163211858484329259e-02
-2.249633674402414657e-02
3.792281549380191463e-02
-1.530487655472348267e-02
5.686622569084304191e-02
5.998325101885004437e-03
-2.470814106483097683e-02
-2.719955495023268499e-02
-1.246157254040999168e-01
1.361492791644647142e-02
1.425164169432520112e-01
-1.214320349138887645e-01
-9.935199715747546068e-02
-9.453863701909888395e-02
-6.826279404648975813e-02
5.301471943057226022e-02
-1.730363359511051524e-01
9.857450580271355511e-02
4.644721994559026373e-02
-7.572914881625662786e-02
1.209218702065243678e-01
1.956566926334473919e-02
-5.796783114505981577e-02
1.014473867582413869e-01
1.472448193265292193e-01
-2.635255803126021479e-01
-2.416474585583758619e-02
4.240565444783473900e-03
3.645521160154138046e-02
2.023965970716129492e-01
5.718964843783746858e-03
-2.424609979769945522e-02
-1.087432002833121358e-01
-2.320982682292319077e-01
-2.373572003994454949e-02
2.784171260946127213e-01
4.262480640179892866e-02
-3.833347740393197589e-02
-4.135717463752748568e-02
-1.136276907433677041e-01
3.630956696040302939e-03
6.649868432089736658e-02
7.751424725338884603e-02
-1.638267699403524180e-01
-1.123152903238944511e-01
-9.977344802067444549e-03
-9.915396853486248274e-02
4.237642600434495324e-03
2.289047151583262496e-01
-9.835961185832738790e-03
-6.376459206293863535e-02
2.038487361771567918e-01
1.464380354008070206e-01
1.193293786876790108e-01
9.556880135883613625e-03
-2.318554089287631209e-02
-6.726860839149005622e-02
-5.162405573918615875e-02
-1.420679417425184388e-02
-3.923515463474283593e-02
9.194796924627766932e-02
-1.265262968074578331e-01
1.498706587045879439e-02
-2.042395036800031746e-02
-2.329473442859590626e-01
-3.240791364951817882e-02
-1.221611769455231422e-01
3.273258862156902538e-02
2.639522889104277681e-01
8.174040156808451418e-02
9.490519336135884443e-02
1.965873381328204217e-01
1.206486847786927136e-02
-2.294337795871930277e-02
5.902447046014547283e-02
-2.308172732198776958e-02
-1.517763562530237420e-01
-1.447102271515662668e-02
-3.918530039843528580e-03
-1.001294078128669024e-01
-5.988775891011710595e-02
8.972571771400272844e-02
3.041866313978879369e-02
3.198785664647250948e-02
-1.209413928481176169e-03
2.647507663617831505e-02
-1.157889066013959023e-01
9.649186132067889149e-05
-7.129539474431366430e-02
8.637393920655439539e-02
-2.404553765599915308e-02
-2.478153643999375308e-02
-5.936544009370644213e-03
2.595584031629211835e-02
3.306711603390930908e-03
-8.369921932791830541e-03
-5.409336867816920587e-03
7.102754429892020605e-02
-1.003914929342766826e-01
2.020591579877287214e-03
-7.261883048635422999e-02
1.956212240453154283e-01
1.772108975936153852e-01
3.306590942460324589e-02
6.545790678762773707e-02
2.033436976825480080e-01
-7.544149860646875982e-02
-5.286049516786089225e-02
-7.575018642320807682e-02
-9.553861780308581242e-02
7.085068741387170327e-03
9.718547315210481971e-03
6.878739661540421435e-02
1.517996711502374654e-02
8.724845104872820667e-02
-6.921202853610913808e-02
6.342417955188749124e-02
5.150552278710020249e-02
-1.158381372841946894e-02
-9.624463094018309572e-02
-2.284189833108531478e-02
-4.999304015627562686e-02
-2.153974632627673677e-02
-3.150924388069006182e-02
-2.065073794591502920e-01
6.783121158229134251e-02
-4.277091176067020217e-02
-5.626702831728327969e-02
1.280855651764709890e-01
-1.384089975123939387e-01
5.399227709392818986e-02
9.254953445451602478e-02
-1.241421105419577425e-01
5.060429496450158382e-02
8.267495284986154172e-03
-1.075858198036316327e-01
-2.034701238184907779e-02
-6.337177181344572086e-02
-9.525584913250764729e-02
3.910802107992951415e-02
2.460568753173681122e-01
2.438440608118210701e-02
-2.662537468073360170e-02
-1.291406040822995205e-01
-1.386695079177883982e-02
4.112466254311272773e-02
-1.357355749900876615e-03
-4.941814623380554050e-02
-4.757332535053584999e-02
6.490331123771836755e-03
3.375556150723812293e-02
-8.629982979160638612e-02
1.107461551132662286e-01
-1.609011516259948593e-01
-9.626924514972223790e-02
-1.187119810806560039e-01
1.932216188933949808e-01
1.246210434759395247e-01
-3.641286401170137216e-02
-1.206169833443926226e-01
1.200448187990934001e-01
-2.029847255014199936e-01
-8.746135075237106149e-02
-1.707916633224114498e-03
7.873173043618714173e-02
-5.502033122266961757e-02
-1.347630118194297760e-02
7.994697081967462593e-02
-4.043970883008084216e-03
-7.155883280042282801e-02
1.373177131122964856e-01
-5.708334306113891504e-02
-4.495641830544594431e-02
-4.613340603314929761e-02
-5.133226567644691429e-02
1.822431083190815260e-01
-1.027208913495397105e-03
-5.175184663233343280e-02
-1.535975537170874428e-01
2.849083571527384340e-01
2.638912273836487021e-02
-5.916492279790990655e-02
-3.031710597172864938e-02
-6.211257513709605299e-02
-2.357821611836137185e-02
1.069726958050525173e-01
2.192125250742478493e-02
1.118686595928836819e-01
-3.105596176432766087e-01
-6.629935188808516733e-02
-3.310740053965987445e-02
1.780162058965155947e-01
1.137900210136512102e-01
-1.497524514332177759e-01
7.817780080471287141e-02
1.144041769358022376e-01
9.165443679781878905e-02
6.727377303616721704e-02
-1.084020115269850315e-01
1.148017467034483929e-01
1.049167672879912916e-01
-1.246773047696130843e-01
-1.067722568161285079e-01
1.058978056316224603e-01
-2.664452944997251077e-02
-5.843106124206781660e-02
-4.975782809318010647e-02
-1.338927934596239322e-01
5.336017594809203818e-02
3.500316557827306413e-02
1.124139412028893892e-01
-1.613288570253866294e-01
1.781279108544280843e-01
-1.314689365389177036e-02
-1.202242374619180432e-01
1.343987722620202177e-02
7.097791669335518083e-02
-8.445458409180198189e-02
-1.403524155079195201e-01
1.288707619916412139e-01
2.651867457761648145e-02
-3.518735012526982148e-02
3.275743220140494433e-02
-6.028026778346663728e-02
-6.961914919288973713e-02
-1.491855376155229174e-01
3.415667053141934612e-02
-9.862136149229532023e-03
-8.951127891259921809e-02
-1.650806379339964103e-01
9.494519299391857015e-02
4.366875826337665578e-02
-2.276386534993729838e-01
-2.087665884690188128e-02
1.549364639204326433e-01
1.112423672586284468e-01
1.683160870688147071e-01
-8.323138810956463851e-02
1.416777502259517485e-01
-8.978299130438865960e-02
6.584587784466781890e-02
6.930728686442196029e-02
1.986377458257273729e-02
8.852707482980720632e-02
7.147911477543721082e-02
4.459596795480280651e-02
-9.461881034103272747e-02
-1.232094571480039091e-01
-1.303724947163623638e-01
1.170911081582974439e-01
-1.334816409530423242e-01
-8.576115134971137172e-03
3.996682071347870679e-02
5.430856394472086818e-02
-6.219391560322060780e-03
-2.258534632362509467e-02
-2.748644454302982820e-02
-8.690277731016596285e-02
-9.687393542021788262e-02
1.030995700898280493e-01
-4.361783691420454551e-02
2.911266713299408716e-03
-1.965154887232743453e-01
-6.098838493874320088e-02
1.469632246795538923e-02
-9.603844465578275855e-03
1.859234563245877325e-01
-2.285825059915475854e-01
3.579170606953761130e-02
1.625251988322584662e-02
-1.205496949797047884e-01
-9.085429114856688471e-02
6.246581927592693984e-02
1.108477088286085599e-01
9.374571664714749508e-02
-4.787141803707014101e-03
1.455582147351545397e-01
-9.564808967959974317e-02
-1.012123166795401638e-02
5.207010016354360338e-02
2.792707427692622466e-02
2.054433688216454890e-01
-2.654908301905582746e-02
-1.884853863037510291e-01
5.744172461090451404e-02
-3.697960058094668795e-02
-3.367067234145776616e-03
1.336794224809473020e-01
-8.918735598081857507e-02
9.338763497021751459e-02
6.738536035888129105e-02
1.538891425981475658e-01
9.257582240959622011e-02
3.348030182692087603e-02
1.376306653224967404e-02
-3.174633785701459071e-02
-5.291727800953045791e-02
1.053291900765688238e-01
1.668784044871955419e-01
-1.887040136447548921e-01
8.799001477904169755e-02
1.032334134596295250e-02
8.006960328755539924e-02
-8.932149743873050995e-02
-1.728374963774732126e-02
-1.496766662993987695e-01
-2.108745612702639730e-02
-2.544522273434264917e-02
-1.546860247160403712e-01
-1.794107898297395975e-01
-1.384464411934601402e-01
3.235197297067761435e-02
1.563991860869756723e-01
1.758563062143350952e-01
-8.932031527489274481e-03
-1.691988078025080666e-01
1.587198226125345335e-01
2.420500449101725682e-02
-2.397442008270173064e-01
-8.457755264139479867e-02
-1.078763898002552540e-01
1.077930378576710466e-02
-9.594729891019163071e-02
-9.019377364199285263e-02
-9.996705568039529477e-02
-1.301116446380094216e-01
-3.305627218757825614e-02
4.880688861175083715e-03
3.821627861841494622e-03
-9.953775318984733889e-02
-5.887564320917015176e-02
1.091771626759924507e-01
-1.463526664920152265e-01
5.335458327792681754e-02
-2.499322812726824383e-02
7.155118648732432252e-02
2.323173151949689541e-01
-2.051742406460667911e-01
-7.544467156090249593e-02
-2.092130751848557749e-02
-6.377385910888802578e-02
1.086401942376147983e-01
8.025380438708212827e-02
-2.445760104063302021e-01
1.166378985370526526e-02
7.027936893176674193e-02
5.900222829394830004e-02
-8.664076304561121877e-02
4.942399477968060367e-02
2.616149449848265141e-01
8.857670154648740468e-02
4.612151315099750210e-02
7.803979348178331776e-02
7.890950148777181594e-02
-1.025571133626775738e-01
4.772978815220523018e-04
9.188745935314672486e-02
6.469418004280576978e-03
4.365189566512989172e-02
1.644139056204995952e-01
-1.178088566186858838e-01
-3.933354923044293794e-02
-1.473801767119098660e-01
2.860962516575803471e-01
-9.630670730543400282e-02
-1.611893233481821730e-01
1.718109984982832961e-01
7.864941772973818579e-02
-1.618463361488578500e-01
-1.409059648313614466e-01
2.212603288843316973e-01
1.327727607304419327e-02
-4.602944313406007876e-02
-6.949650225048224772e-02
-2.885267274440041496e-01
1.457380795401253537e-01
-1.152897777107010358e-01
-1.242348112121160336e-02
-1.149307442379372407e-01
-9.532240882830174400e-03
-3.069879649552331724e-02
2.125331513014275253e-01
1.623321330282425923e-01
2.801087196414678293e-02
-1.173689556189580624e-01
5.045149354945447501e-02
1.460124901031000511e-01
8.320444592946518725e-02
1.700611803253204365e-02
-1.224000266267623038e-01
-3.199410666343848603e-02
1.672332370333680096e-01
-3.039501960786199566e-02
2.125947638705883228e-02
-1.537528198496129206e-01
-2.214394093020508394e-02
-6.946885559562540613e-02
-9.395359341122131239e-03
7.961439262813825579e-02
1.103031644205312300e-01
5.509088739141632107e-02
2.210779364592020402e-01
3.917876966261929494e-02
1.393527797164816062e-01
-8.108284433507992328e-02
1.845644077490770502e-02
-2.875381370464821229e-01
-3.356033447856025115e-02
-5.548087497986151084e-02
1.603465132485574346e-02
-1.050375787164597591e-01
-8.851714466474041795e-03
9.351669139609902759e-02
-1.760896866436474362e-01
8.844527804737978283e-02
4.489857881095428438e-02
1.924677539849355612e-03
5.548101518701544985e-03
9.346398092936697086e-03
-1.238417469855853659e-01
5.474591870474363603e-02
8.898059067154595603e-02
3.574044629758400815e-02
6.442931031433427047e-02
1.043457328813423013e-01
-6.011658738261993484e-02
4.116538717961258642e-02
-1.743458841579070551e-01
-4.374919143221758788e-02
-2.190278593367821908e-02
-8.497828077525403437e-03
-1.036997251585342339e-01
1.116529469923679685e-01
3.351773850762840290e-02
-1.578912195932691276e-01
1.166133415363388437e-01
-1.019112125323777263e-01
-1.478054597635941325e-01
-1.408759463173990881e-02
1.694043416159083104e-01
-1.888700608677906512e-01
-4.958160657453910408e-02
-2.277290716958712755e-02
1.153064006465930186e-01
-6.261434982624658474e-02
1.738902268303694765e-01
1.637289646689506495e-01
-1.573454613735680852e-01
4.505984356356850483e-03
-3.008079208973346227e-02
5.910832923001430039e-02
-2.872519739575804532e-02
6.770043318469479154e-02
-8.684539106823560561e-02
1.021174998889565338e-01
-1.032120292659916283e-01
1.443568504465802572e-02
-1.727317338012556922e-02
8.768207153835518020e-02
-1.168132892389171229e-01
1.199870615489991715e-01
-9.482905836924261644e-02
5.992521286781952311e-02
1.471651479883202438e-03
-2.132832715678805169e-01
-6.300973206803860138e-02
1.823745501675912983e-01
-5.399228571140566452e-02
-1.307096828215534301e-01
-1.268291139485172581e-01
6.230303873425524497e-02
7.784664666096770269e-02
8.162243907121543044e-04
-1.623950881859677065e-01
-9.650421704203211715e-02
-1.823868860430496452e-01
-6.789277698703197195e-02
-1.209821947174834211e-01
-7.669577328823108664e-02
-6.612070651699910456e-03
1.066834242123861770e-01
2.307953624105494022e-03
-1.512930725233083695e-01
4.874612120699695073e-02
-1.060664930672171047e-01
-5.219944422600030290e-03
-3.745885562940120400e-02
-2.438042853091339224e-02
5.835498444086733433e-02
9.016615764979633851e-02
9.943903672041859432e-02
5.918765716209163641e-02
1.656780216609092179e-02
-5.917023978558780956e-02
1.064741825921991236e-01
-1.229355003250638956e-01
1.387485084238892531e-02
-3.609205386744298444e-02
7.267107620234834753e-02
-5.157344844005694665e-03
1.369606272758503440e-01
-9.746756630559989809e-02
-1.124902056771238668e-01
1.682220720960289628e-01
2.781887638632494775e-01
-1.057191105114962532e-01
1.322685635505864432e-01
-1.463604466925705339e-02
-1.342116956959392704e-01
-6.010049303233170465e-02
-3.110007884137165612e-02
-6.282883468197619954e-03
-9.069941439264717076e-02
-9.857032094680594214e-02
-1.480560870756185421e-01
9.534055858162372721e-02
1.304512327174114743e-02
3.289797315029906882e-02
1.290192263148927931e-01
-4.225772544074840598e-02
-7.935473986451812775e-03
3.295752803759201960e-02
-1.159332050862023344e-01
1.073673886643613795e-01
9.245259773734487707e-02
-4.827369934965344486e-03
6.545760914152554122e-02
-1.200287734743432505e-01
9.095990590151048494e-02
1.625580625790864391e-03
1.140442601432628406e-01
7.673831953122033436e-03
6.509390284739378918e-02
-1.672439538862988961e-01
-1.599518543090588940e-01
-1.959901295009505162e-01
-3.154599970841335393e-03
1.227408770081256373e-01
1.098207635813698291e-01
-4.725985944810771888e-02
-1.476105710085384159e-01
-6.598398273152666915e-02
1.254073840982935784e-01
9.852995634979355710e-02
-4.497372340934656376e-02
-5.590743162898496182e-02
4.992796417336244075e-02
8.745024081349413170e-02
7.891786055286612034e-02
-2.864681169983725531e-02
-2.039216727302164620e-03
1.817259468168564221e-02
-1.509796925320337213e-01
-2.642580282395449315e-02
9.248814551790474070e-02
-1.201274667319053590e-04
-1.695244723641462989e-02
-7.913906502638868093e-03
-8.486020912290493518e-03
-1.098863638628287814e-01
9.562341834445220456e-02
-6.036137944050642967e-02
3.282223387570578493e-02
9.195254658983870177e-02
1.033956994485851349e-01
-4.602271038107826062e-02
-6.409198763188841963e-02
-1.235105537345436710e-01
8.804044971755593807e-02
-4.412982353184136119e-02
-2.412337493856799020e-01
-8.443080539951948113e-03
-2.829791784843380120e-01
-1.300008121586953280e-01
-1.186281197045334877e-03
1.181259615582063438e-01
-1.335762188945251172e-01
-1.348279283530108286e-01
6.743736126858000668e-02
-1.392791405611989441e-01
-9.819336999666639088e-02
1.506594814422533846e-01
2.017505241679211532e-03
6.298000965247115002e-02
-2.369502058789797402e-02
-1.378068112693361415e-02
-2.647486997433403169e-02
-7.914745589694012484e-02
2.337174970569418364e-01
-7.638881851337020468e-02
1.024277658080485348e-01
-2.289146667839700791e-02
1.679806487569469528e-02
-5.414565192675865890e-02
6.966052176108165905e-02
1.773207355201842916e-01
9.408705836634428943e-02
1.461129140734573062e-01
-2.767801671341664771e-01
1.873585446762819073e-01
1.734730192876038357e-01
1.174348005038449022e-01
-2.435825645310475684e-02
1.030497423348721714e-01
-1.691044295237290182e-03
1.465250530407123941e-01
9.862033935702996246e-02
-5.758575281406302232e-02
-2.903380590390435348e-02
-4.952519476148380118e-02
-6.490892570720073473e-02
1.060616306264358655e-02
-2.669062042874336196e-02
-1.483758290818070966e-03
-1.515655793865137158e-01
-1.248463019658814510e-01
5.119434332419511846e-02
-4.535349111606042788e-02
1.427581121565743016e-01
-6.963530616165679310e-02
6.124427869336132590e-03
-1.551063269779643684e-02
-3.952885514096775299e-02
-3.355664250197556986e-01
-3.001219604671004001e-02
3.335393567753121985e-02
-7.179288243645572500e-04
9.240390702789845478e-02
-1.044832779201106815e-01
9.237639457640792195e-02
-1.958874356037635343e-03
1.097754483126826136e-02
-8.479996991685188890e-02
-4.244367708644448955e-02
1.393376256900762111e-02
-7.265900581127272828e-02
9.736310314443759328e-02
1.768492026331083475e-02
-1.609542441631474016e-02
-7.371663428922238526e-02
-1.244655268392698411e-01
-1.256439403227094936e-02
9.952771735662718777e-02
2.511263252662538359e-01
2.359511764303210413e-01
4.553796643454881971e-02
-7.418724599145075371e-02
-1.761591578352565343e-02
-3.460444269730138939e-02
1.639444573549146966e-01
1.007171540935917521e-02
-1.580041238554809602e-01
2.803243107870029976e-02
-5.331825614165022764e-02
-3.164874431059085808e-02
-5.250166280282531073e-02
1.846238699684636941e-01
6.646507974555096454e-02
-1.508205858851077025e-02
-4.180494705763550950e-02
1.283319680500469295e-02
-1.015314837055990432e-01
2.712379606728428927e-01
-1.610858688504836767e-01
3.584024148826192146e-04
1.010812531784290383e-02
-7.869002470981188713e-02
1.372382296699552195e-01
-4.294445166915021594e-02
-2.615720168604407023e-02
1.282712467146695789e-01
1.664286383688644566e-01
7.872633687316051010e-02
1.977056007478500410e-02
-3.418647242747990117e-02
-5.883952762262326108e-02
8.404485909174734537e-02
-5.642415621340289350e-04
6.031050980168300296e-03
5.192904790407542465e-02
7.719435431195439956e-02
-1.351950745837119175e-02
-1.158167470202184912e-01
-1.182294610136602336e-01
-1.689718140473538410e-01
-1.720044461721006654e-02
3.733632680878572196e-02
6.345113372039030974e-03
-7.203451764497861842e-02
8.132532130493184963e-02
-2.502934573400029117e-01
-4.226283743465439335e-02
1.676666951244126791e-01
8.381416003348662880e-02
-6.464046070658946777e-04
-1.271846320633343852e-01
-1.081018696367166965e-02
1.397544446799552920e-01
-3.194581636382078788e-02
8.332263066593392775e-02
4.431148376551267282e-02
-7.123373151576882500e-02
-1.947633261435421370e-01
-6.596601761765064076e-02
-2.036373583160374159e-02
9.003743612770366556e-02
-9.106058606104269759e-02
1.040898554529656392e-02
9.432840004838224934e-03
-4.312824975779935149e-02
8.477633357325159436e-02
-3.852380247618362313e-02
4.353167261504553576e-02
7.430248525260136575e-04
-2.319798631444928427e-01
4.743379924757319677e-02
8.944195911404911881e-02
-1.926968641009914329e-02
3.811745012954839695e-02
1.441714540441335346e-01
6.376399015992921526e-02
7.464310235348926847e-02
-2.494594280374748743e-02
-6.844272993154629225e-02
-6.797399712872863320e-02
-3.656342555116001009e-02
4.598024723959961979e-02
1.609044665729952861e-01
-6.350177408204396579e-02
-1.222894162436027332e-01
1.215772263436145084e-01
2.288035501211941117e-02
5.011266138395014530e-03
8.541388906853469853e-02
5.881426317784602814e-03
8.642144141974156257e-02
2.041599438017544232e-01
-2.236162820214800465e-02
6.095137478232461048e-02
-2.222226649311561941e-01
2.324868732444108216e-02
-1.747094405794376998e-02
4.709047927682710744e-02
2.978071357842405203e-02
-1.513393675931829808e-02
-6.520095521221000445e-02
2.661769648681797107e-02
3.026790354292564073e-02
-7.079725163971554991e-02
-6.523413772401925881e-02
1.348286106454718858e-01
6.559821182509771587e-02
7.373269981841594489e-02
4.185571580609593473e-02
-4.173863061610823960e-02
-1.745918558708914672e-02
2.268181268074047352e-02
-9.624433989292117964e-02
1.397752881834429250e-01
2.202328442284193916e-02
-5.045967771858686501e-02
-6.581138757301219222e-02
-2.589043969028342884e-02
-1.235989670297563472e-02
3.597972150366202798e-02
-1.078025364425977961e-01
3.642249800030427503e-02
-2.361519617157914822e-02
-1.141608891913774571e-01
7.765039782954463732e-02
-8.126832101379188877e-02
-3.076285315904369808e-02
8.586132563162268694e-02
-8.403915112833196255e-02
-1.863170607268945997e-02
7.686001035318872077e-02
-2.426201682567905721e-02
-1.047309217071272641e-01
-1.243775420748632898e-01
1.009283320384915944e-01
-1.251180837957567848e-01
6.749632102561602121e-02
-7.159404572993355309e-02
-5.746020453100484510e-02
-8.654881063959135590e-02
-7.015949952170021098e-02
9.717731581377467287e-03
2.573376114898612288e-02
5.952825589281270091e-02
9.421588228621270711e-02
1.735186077384992809e-01
-6.033231033754361816e-02
-1.110317980034492003e-01
-2.356782581061260540e-02
-4.696434117298998318e-02
3.827628956488710044e-02
-4.073353639627412537e-02
9.003011040316598323e-02
4.922907855761960447e-04
-1.069102154392880810e-01
3.971724427367134824e-02
1.944365309074763681e-01
3.453347231768335440e-02
1.313649699698891116e-01
2.369241677238033417e-01
4.847179397161290038e-03
-8.734177531915703410e-03
-9.514416342159090489e-02
-1.684794869928490368e-01
1.025106777822246129e-01
-2.913627120527353953e-02
-4.373553470471121772e-03
-3.412004212555109356e-02
-3.277246904344397610e-02
1.418255521979933098e-01
1.612135224961201430e-01
-1.245823769099135281e-01
-1.366632072570336531e-01
1.519938446130326276e-02
6.873533390443496705e-02
-6.717601621937342900e-03
6.487530762606512347e-02
-2.577833059842614405e-02
-6.363733379076004504e-02
8.396964754102724526e-02
9.704722696860766662e-02
2.980960611161251883e-01
3.858862012204705705e-02
-2.106624584513330095e-02
-1.273107452750994184e-01
1.501308620462697418e-01
-1.562262786103396986e-02
-1.238110594417114567e-02
9.728871034187845657e-02
-6.125715453426426940e-04
1.666221270564059997e-01
9.876689168344160788e-03
8.542105374753766744e-02
3.227471449732791792e-02
3.068350023527401452e-02
-5.031199433708091751e-02
3.163285442306301015e-02
6.859925216346028642e-02
1.951686990547589484e-02
1.698951546396675893e-01
7.014558752316393808e-02
9.947037113829590438e-02
1.318589075353963219e-02
-7.288849018286801262e-02
3.909712567213030621e-02
1.070301910397586237e-01
1.526606914070646748e-01
-1.643267281946557690e-01
-1.337604654463938891e-01
3.591887981607030239e-02
-1.617945525235967297e-01
6.812858673522549646e-02
-7.248771212285981536e-02
1.970149556064714758e-01
-7.412116917924328752e-02
-8.827838768272516790e-02
-9.097606206207975443e-02
2.085185806835491151e-01
-5.426385013478776664e-02
5.678727595582753335e-02
3.956230765591112197e-02
-2.015964528399038710e-02
9.088364475639319762e-02
1.390181330119642233e-01
5.253148844963883603e-03
6.977541321095838411e-02
-1.289550474538766860e-02
1.068583885111761278e-01
-1.564360069130722453e-01
-8.214046674832523043e-02
-1.083002510661938526e-02
-1.501483440612798592e-01
-7.236211490642051325e-02
-7.839141785279324370e-02
8.181423987134811560e-02
1.664545615940458134e-01
4.831181623608629683e-02
5.595457532080436863e-02
1.694367356662214164e-01
-1.189147440276265011e-01
1.402628077216963309e-01
1.416072258298645137e-02
4.402229705100797058e-02
-5.325753887302536044e-02
1.664056097145194188e-02
-9.999699209247397969e-02
1.164336999746443668e-01
1.245545702699675239e-01
2.667096009898826670e-01
1.885800481331763034e-01
1.989639838565600283e-02
1.493670281396127786e-01
2.092880880840957900e-02
5.771395939676690623e-02
7.349098310179823235e-02
-1.125339368696644249e-02
5.300401633917774247e-02
1.343724627335406707e-01
1.171159836017897082e-01
-1.662743060676220852e-02
2.701349883281932776e-02
-1.970246674952488286e-01
1.863342946819298296e-01
-1.713454240235852133e-01
-2.662395739702543840e-01
6.478587237318708669e-02
-2.882088982840730340e-02
-9.268126999681919331e-02
-1.525521825606637183e-01
6.253552852256082095e-02
1.034287304248298067e-01
-6.220888017298434325e-02
-1.278224586465874502e-01
1.422185353170743807e-02
1.319037767336873612e-01
1.627791422192740867e-01
-2.042703528992427242e-01
-1.325490281643151025e-01
-7.177894776032847646e-02
2.225838820739739835e-02
7.038586143389665047e-03
6.149620322246116683e-02
-9.526165572998148562e-03
1.832588634586930151e-02
-9.762558292682577132e-02
-7.306283049456446799e-02
1.239203329976226453e-01
-6.109733061806101040e-02
-4.542437153498345842e-02
-2.387282711466915952e-01
-2.375579890964376606e-01
8.831074426841076241e-02
6.804569165097540395e-02
-1.991226355239603465e-02
-1.438601752194579031e-01
-7.721448524147912773e-02
-1.957128432642113447e-01
1.779059192067264372e-01
-1.120999899896753527e-01
-8.567675536117949631e-02
-6.063258891747431989e-02
3.655021636336219099e-02
-3.396864245820072070e-02
6.212113969261178620e-02
-6.569152499192902617e-02
-4.062238176736339239e-03
-8.371984501254495226e-03
-1.090900429384889930e-01
-5.722304210771947397e-02
1.493739501526083341e-02
-5.854047696380804133e-02
-2.996412321808531593e-02
3.210863688029435420e-02
1.247906206956391623e-01
-1.148782157403204635e-02
3.484042397809089184e-03
-1.082793561491729034e-01
7.307131649073510260e-02
8.765599963293396746e-02
-2.643605446832156258e-02
8.631931470669906847e-02
-2.581223670897444741e-02
4.705205368627624757e-02
-1.878791915550866859e-02
-5.736058944578049934e-02
-7.997702277991547079e-03
-7.424119011621727743e-03
-1.239947345468647016e-02
4.889597813376127949e-02
1.230746265015283392e-01
2.027672150083890679e-01
1.087658136828469346e-01
-1.997597475215447116e-01
2.901000772087437840e-02
-4.163261873324947127e-02
-1.142760664050613273e-01
1.962383515509312504e-02
6.061390431979934990e-02
3.210656231563568247e-02
9.283382402974561798e-02
1.063295010290395970e-01
3.965863568746972462e-02
1.851022290335031240e-01
-8.957977338302716697e-02
6.198055553653306765e-02
-7.227629472156549273e-02
-9.521804859770147469e-03
1.605598651650572140e-01
-8.098000430261476090e-02
7.575659462587597780e-03
2.912875326592390818e-02
1.806389205948123397e-02
-1.698686921010221784e-01
-1.638495570255235068e-01
1.626122266033986907e-01
-6.674630637785750054e-02
-4.348345274265560945e-02
-8.810243268271761297e-02
1.640333996040336251e-01
-7.373002024609019711e-02
-1.261578487934903771e-02
3.440665526346824155e-02
-1.259111676603981989e-01
3.702802150210272175e-02
-1.086429181695784812e-01
1.040253680750201498e-01
3.834222727041175071e-03
3.855947213718552424e-02
7.555988303860700084e-02
-2.758990953446695260e-02
-7.210336168586888028e-02
-2.886862196013242877e-04
-9.928472724154097095e-02
8.694870022590789338e-02
-1.808469043880882587e-01
1.778823925180018917e-01
-1.351364065113539181e-01
2.018163257311641340e-02
-9.144371553684443876e-02
-3.048342230848246140e-02
1.080932349565908723e-01
9.765029736490206391e-02
3.197682203993849198e-02
-6.272016295449035078e-03
3.062272258001802125e-02
1.896988561646005891e-02
9.167656037134779001e-02
-1.835642236010621639e-02
-2.988924279923444241e-03
-4.564848165958013820e-02
-2.183418961876267776e-03
-1.005734798349257331e-01
-4.366050333128954075e-02
-1.138404406070918501e-01
4.992015015566534514e-02
1.827634473299771800e-01
-7.144175737213635802e-02
-1.021709770396069805e-01
2.147231913660629932e-02
-1.627401849071668724e-02
-1.506071441325602667e-01
-1.064127686250628396e-01
1.922800435140991082e-01
1.704979594806184384e-02
-1.495631338757120454e-01
3.058305323800154102e-02
1.354774018649752831e-01
3.548170970161217824e-02
1.626976379281677154e-01
-8.289146174199661654e-02
-7.377404637614268235e-02
1.081972136158082382e-01
8.710311644940192666e-02
9.317674134037223777e-02
2.174318115369042459e-01
8.489330671475285583e-02
-1.422623801952514755e-01
-2.350796981990651777e-02
-7.139160898033680702e-03
3.222997387448434461e-03
3.865471672391324748e-02
1.050061773339660554e-01
-3.776151597840247953e-02
7.650579575398419596e-02
-1.073018747822480495e-01
2.026076869564344754e-02
-5.489199753962394068e-02
1.836862050849815201e-02
1.356770061927422277e-01
6.490826695492245280e-02
2.874883822408260195e-02
6.612785814947284846e-02
-4.369591743112360288e-02
1.041628706170002749e-01
-2.261907745661088931e-02
-1.161433003594349450e-01
6.437409910473276820e-02
-3.034714720555430414e-03
-8.123689649557522263e-02
-3.093517502681325526e-02
2.374345824849355413e-01
-8.609456540113906431e-03
-1.029651997964416837e-01
-1.100366882442662536e-02
-1.531120202237875871e-01
-5.097260911110074177e-02
1.200276287006075693e-01
-1.234390451304143294e-01
-1.130015564753630158e-01
3.157915589200963741e-02
-4.206384563788365116e-02
-1.054976218685678147e-01
4.286623644401676980e-02
6.278022526977240780e-02
1.020622783804824990e-01
1.079959156226963091e-01
-3.954434300096266140e-03
-6.039004182141263777e-02
-1.765459077368986274e-01
-1.154599704940156707e-01
6.506422743400934981e-03
-1.298970435304579174e-01
4.661950541692490985e-02
4.884074568847049380e-02
-1.988915212760022228e-02
7.431208883953732691e-02
2.018808408315581060e-01
-9.966930496957975005e-02
6.201346511514746473e-02
1.133243635267311422e-02
-2.038837389417737789e-01
6.289582738914405169e-02
-8.033418678024482895e-02
9.803449215013398943e-02
1.486423467615111994e-02
-8.915104843078429375e-02
-6.877239603020278425e-02
1.438558048802074385e-01
-3.787693137118736814e-02
-3.118936234966873666e-02
1.798542645047090938e-01
-2.989729829501965377e-02
4.035462414073232723e-02
3.812708908585760170e-02
1.158583403707014736e-01
-1.499107120204369202e-03
-2.640998249760098324e-03
-9.110656895177941805e-02
-2.173912577368735666e-01
7.413408474151776673e-02
1.565933884769588613e-01
1.078087869544558652e-01
-6.026038407514577172e-02
-2.237419248095996478e-03
1.842263343435827094e-01
-1.692970510898666736e-01
6.809260512858487935e-02
4.406228198107316023e-03
1.401550638317002606e-01
-2.197558951951611439e-01
-9.317903776682746539e-03
1.293634235707837032e-01
1.374438388191582573e-02
-1.023650399520363574e-02
4.301560405268422399e-02
6.206402429094616535e-02
-1.824731244538694772e-02
6.002917503306696295e-02
2.112345364192386166e-02
2.437796827090784463e-02
9.827572290458388982e-02
2.165899285203011504e-02
6.185976400614869031e-02
1.524012104681895033e-02
-1.604370862846472498e-02
1.169695096927761239e-02
-1.309712138866391332e-02
9.211540847108198524e-03
1.859845735562126179e-01
-7.991121060763232975e-02
1.542534895161459807e-02
1.671594634011198399e-01
6.983523033061891927e-03
2.057124778406702048e-02
-2.685876967580833607e-01
4.564547473585433418e-02
4.763841408418362233e-02
8.020167313940415599e-02
1.642034991797379218e-01
1.915829273955931694e-02
5.221983579229161343e-02
6.670290975727600005e-03
8.351835509920318978e-02
-5.575372642257399487e-03
-2.714577710065378680e-02
-1.300371798055875716e-01
-2.026219896253395880e-01
-7.829056647857940421e-02
-2.060750129969330102e-01
-9.653224067390631102e-02
-5.706265766728332856e-02
-2.208210445464130894e-02
-1.976592807430055665e-01
-8.712744758446600013e-02
4.443372695292726509e-04
5.861089524240986615e-02
-4.387282717995349274e-02
-3.595511199346882597e-02
7.082501693285168931e-02
8.722343344622309758e-01
9.667587714121069764e-01
9.001866466070357342e-01
9.454287215862657856e-01
9.589521284599479278e-01
9.437289385671130404e-01
1.004808925485063620e+00
9.078160465331917006e-01
9.343396621563566651e-01
1.263750074019847958e+00
8.187743067424775312e-01
9.895609674091943031e-01
1.027483388984421264e+00
1.085649736544603172e+00
1.085495572250214202e+00
7.471520209005890756e-01
1.044768649900537305e+00
9.526316479131078374e-01
8.111524799739522340e-01
1.161107218472782199e+00
1.045077358702978465e+00
1.007107460478581240e+00
9.245076538374142894e-01
1.063907585303489833e+00
1.107477224996115783e+00
1.062895528374608878e+00
1.037680715702269829e+00
1.031204898483569554e+00
1.059187356866158281e+00
1.128438911622477780e+00
9.602309468712039164e-01
1.085052443114423060e+00
1.014510412762308134e+00
8.475151111058445430e-01
1.106555906868340822e+00
8.859314507193736254e-01
1.002913396126213774e+00
1.069577845638860714e+00
9.928844277098290982e-01
1.170388196845655537e+00
1.117030946626083487e+00
8.892443502703206715e-01
8.283579610661694348e-01
1.015425272563110104e+00
9.165954863476750702e-01
1.180484801787828886e+00
8.495679088201589790e-01
1.022902899727326842e+00
8.481075768799555270e-01
9.925175074330252478e-01
8.810547033802370587e-01
9.220848022144129130e-01
1.104584378921389165e+00
8.706445771439788039e-01
9.163574777478049604e-01
1.110665214042194426e+00
9.225102213206448631e-01
8.436721167409475530e-01
1.063585006854129045e+00
1.079591815706361757e+00
9.495975779711776088e-01
1.019947448079587593e+00
9.513152025505657861e-01
1.058975034067717091e+00
9.491563164381522366e-01
1.010158712654185997e+00
1.070588077708129360e+00
1.038638855937531247e+00
1.084173717811327764e+00
1.066375275387601240e+00
1.012831421052708736e+00
1.057328751793668475e+00
1.111588098572766858e+00
1.177160434153213364e+00
9.498079449426599652e-01
1.102348546198761436e+00
1.014030062242404551e+00
9.553846002076384902e-01
9.292353940528066403e-01
1.045364842708476516e+00
8.718160969878110400e-01
1.106229719435352310e+00
1.041106570785047092e+00
1.019499903511941641e+00
9.227423300699116870e-01
9.961876248287985236e-01
9.565502096418904143e-01
9.940389206316091464e-01
8.420725594603014619e-01
1.010179683233707548e+00
1.115428967818322459e+00
1.098242201652598782e+00
9.561421594737915530e-01
1.152631279169932910e+00
1.050643153214029235e+00
9.067163293324550510e-01
1.176359421332170863e+00
1.140198131094349199e+00
9.959766253857533780e-01
1.115996337104100622e+00
1.004666303187451204e+00
1.059892812092017689e+00
1.322866806146684837e+00
1.024223733310436479e+00
9.600573462245516332e-01
1.064155921607174315e+00
1.031776953342441683e+00
1.137713076279380786e+00
1.019667748356163806e+00
9.781262079142879484e-01
1.022874051923746475e+00
9.889852122031701498e-01
9.760010586334557647e-01
8.830516763401224933e-01
9.340213227004714458e-01
1.044694257254828118e+00
7.872239907619237309e-01
9.426400531704436370e-01
1.008507669194160572e+00
8.346479172317490258e-01
9.384478518611220066e-01
1.015988609013742661e+00
8.983259757785178046e-01
9.186503352701212988e-01
1.022799096335865965e+00
9.103525689701927881e-01
1.152102725363082891e+00
8.941879369323157967e-01
1.002334807789554638e+00
9.899959088493428538e-01
8.595941783789849966e-01
8.507016082509496480e-01
1.113601050069183973e+00
1.101354262692760377e+00
8.607741152908144899e-01
1.048515436352399188e+00
9.885541459155201549e-01
1.099344938784679648e+00
1.027425263821090340e+00
1.024501622708755999e+00
1.082770187758418157e+00
9.259043178238414162e-01
1.031123294767511966e+00
9.481677677589573916e-01
1.050250610690068420e+00
1.117713387711523065e+00
1.078925406739009052e+00
1.016743485117607149e+00
1.084425281679238351e+00
8.948943863555229861e-01
8.372649910314267085e-01
8.998707971895997249e-01
9.100321457292617211e-01
1.159072404436785941e+00
9.101902538340788107e-01
1.131479864129163460e+00
9.180207155004365127e-01
1.114175387839198894e+00
8.633483327318720590e-01
8.712069024212792945e-01
1.048230776407119924e+00
1.084057649445604898e+00
9.029916368367498780e-01
1.042816420804142385e+00
9.637872332496393302e-01
9.839370738566560748e-01
1.011342898293950965e+00
9.636755646827152022e-01
1.136224214219010431e+00
9.658326235034473406e-01
1.076621826020751405e+00
1.036400537804023525e+00
1.064769716187586646e+00
9.699532317424230943e-01
1.040735795236334971e+00
1.108472696338473895e+00
1.034377422630833099e+00
1.014006317914074362e+00
1.090287800075787628e+00
1.138890172898455733e+00
1.022649412783708467e+00
8.945806804528659839e-01
1.067955623541480215e+00
1.082697074799085613e+00
1.058326114884512226e+00
9.583988550405162510e-01
1.074127976380879979e+00
1.017198229338704740e+00
1.041475664051898065e+00
1.072199847812085105e+00
9.132517121231570334e-01
9.312451723700000406e-01
9.488262426160015695e-01
1.141491793716246539e+00
1.009128757914046215e+00
1.087219326280971288e+00
8.719696220015646926e-01
1.182362075497934706e+00
1.112773889850350972e+00
1.225568911278294593e+00
9.077773438665597272e-01
1.144471858613241189e+00
1.079313544351792942e+00
9.814456023422699626e-01
8.874616264447452441e-01
9.853648353168160678e-01
1.003893062531522995e+00
9.930326863081313515e-01
9.389810896861824352e-01
1.116533771978838185e+00
1.049717795763098760e+00
1.057947124370683500e+00
1.002327353248788855e+00
9.612698927876125454e-01
1.005366539728260067e+00
1.074358568723891016e+00
1.099481541059597056e+00
9.402716421077524922e-01
8.959231131073728260e-01
1.147656913397885559e+00
9.979043713331564591e-01
1.042705401147516087e+00
9.419608309044151806e-01
9.226338627346384325e-01
1.050274794900199593e+00
8.480542101466832516e-01
1.120826686809199169e+00
1.054442130671611411e+00
9.792417426917527923e-01
9.484025551651287245e-01
1.174926764841282889e+00
1.037360550134554416e+00
1.010919600090430581e+00
1.012000566029189530e+00
1.125734613332237455e+00
8.874035554821737559e-01
1.026289461595901731e+00
9.101528802614534674e-01
1.035803111327282755e+00
8.972949553158768854e-01
1.004015154417826849e+00
1.030509807387982368e+00
8.344224955559752521e-01
9.657992929963384876e-01
9.255076121977638959e-01
8.600037619025343583e-01
1.131183091643346295e+00
1.113136052244427798e+00
1.133025008712660098e+00
9.089586400687338363e-01
7.734155221738602259e-01
1.162467114134436041e+00
9.444875085533360748e-01
9.804593785279959173e-01
1.007062472401622166e+00
1.034300868685407160e+00
1.055715115874789056e+00
1.013724418169436925e+00
1.090447291048626699e+00
1.145372078748559064e+00
1.051042153157916825e+00
1.018820252186473319e+00
1.003116923775365654e+00
1.129144485131502007e+00
8.635130521930316494e-01
9.502350749770566152e-01
1.012988712917712864e+00
9.584581005285084387e-01
7.945353840866571371e-01
1.064518245971568744e+00
9.509044313199680465e-01
1.047288758706070411e+00
1.087618332379659547e+00
9.951970548733968247e-01
8.853358492351599551e-01
8.379714217117482100e-01
9.395385109277650804e-01
7.145630101627153952e-01
9.994013762983321447e-01
1.071245074851657986e+00
9.513108939091889926e-01
8.328826275798379974e-01
1.022089065090048265e+00
1.080740787673100556e+00
9.149125206269230759e-01
9.748508731855702880e-01
1.080439085625171103e+00
1.203304485244546473e+00
9.006488897365356738e-01
1.052199357354846931e+00
1.016466102539677507e+00
1.062917919841417369e+00
9.158614535894642472e-01
1.053355319182190719e+00
1.035720990297602784e+00
1.116429055193221442e+00
9.967353034408656942e-01
1.157112777602988141e+00
9.884849920949020374e-01
1.150543925586432259e+00
9.524180141934432964e-01
9.755465819452009413e-01
1.153010902489613798e+00
1.146860329274989487e+00
9.659995697966308192e-01
1.032974533196659550e+00
9.753619805658046982e-01
9.529913088808174004e-01
1.014371917424603753e+00
9.595432630957944076e-01
1.133146099585833788e+00
1.030986721019663932e+00
9.673829886256346544e-01
1.089545541872212864e+00
9.463861066825030033e-01
1.186440844319617938e+00
1.009098426364436918e+00
9.989851156838863711e-01
1.076983413973856107e+00
1.049290757172921751e+00
9.580850397918685424e-01
1.077853088988233399e+00
1.021057084418731664e+00
1.002790580177543189e+00
1.028153865335675210e+00
1.008366722770362323e+00
9.676064600808415017e-01
9.115025699612466781e-01
1.100212483464380275e+00
9.945436272376980691e-01
1.072691740844054165e+00
1.177039810042949330e+00
1.072838169582006396e+00
1.048264864639363303e+00
9.951454338337638594e-01
1.062773868559249824e+00
9.426304287914650804e-01
9.633511834847411359e-01
1.137801973961517721e+00
1.127317758280908633e+00
1.004629322639894573e+00
9.876331993711295887e-01
1.051143278539765857e+00
9.582132494359776320e-01
1.269107308700268888e+00
1.097513152233837053e+00
1.029327536929630194e+00
1.108961985970636999e+00
1.049191725530082886e+00
8.577258080047722721e-01
1.198186834085767538e+00
9.896553475857717830e-01
8.759285001341872157e-01
9.257093952882297083e-01
8.600182462792060889e-01
1.033627056907165720e+00
8.498081763472671302e-01
8.934645419128142141e-01
1.093664333825520529e+00
9.895609148519738385e-01
8.710922278592534429e-01
9.062501907818760749e-01
1.084420630800071228e+00
1.130475336408732767e+00
1.035481104974931066e+00
1.132458592659527641e+00
1.004827298980428552e+00
9.172841880123157043e-01
9.111524067356094880e-01
1.075650534114748202e+00
8.897211747704170115e-01
9.872205587338916954e-01
9.134987099955824696e-01
1.076865465213143080e+00
9.600444995612765764e-01
1.124972355786501010e+00
1.236888727772022856e+00
1.082332786919147249e+00
1.135733970907227608e+00
9.283989557089934452e-01
9.643441345295792333e-01
1.012974403918848187e+00
1.032542836326221680e+00
1.136448249653033038e+00
1.055188980252943054e+00
1.161231966505317237e+00
9.054878105996613247e-01
9.909652609770972509e-01
9.986068986662568481e-01
1.070654863948092395e+00
9.782749320676656923e-01
1.130868151870636495e+00
9.234256812860511809e-01
9.666881485392618822e-01
1.045669598043281745e+00
8.948729830553490139e-01
1.039726316444946841e+00
1.154535795846841850e+00
9.657473234723981115e-01
7.190735956824503283e-01
1.167477408987579457e+00
1.031617798246188933e+00
1.069827239681609088e+00
9.458629898386117230e-01
9.931689470850317836e-01
8.830840903837702260e-01
9.389288058631701794e-01
1.158674229704589109e+00
8.827071274579348925e-01
1.035349132724802779e+00
1.079301049853141681e+00
7.817430824860426286e-01
1.041538656263266693e+00
8.020606662751603722e-01
1.157158978532873972e+00
1.006990419924216340e+00
9.478685718493424783e-01
9.753253040229964421e-01
1.124732725637802133e+00
9.765275911350422833e-01
9.754962084035746495e-01
1.037763280274338173e+00
9.288344754361945732e-01
1.081951679804131983e+00
9.554949979175748620e-01
1.129576383626900160e+00
1.154229373314680451e+00
1.022455601105777490e+00
9.054379458474465237e-01
8.589369280413344798e-01
9.368604397598851996e-01
8.601390437510749720e-01
1.043615457351492637e+00
9.411033651050327853e-01
1.050226804661903435e+00
8.877870849635243200e-01
9.586695422294049251e-01
9.614365481157187698e-01
8.407259646694589250e-01
1.015334003390853779e+00
7.972859707830112219e-01
9.292774336479757702e-01
9.977025657665465896e-01
9.456732638510783051e-01
1.014613861204329837e+00
1.091159244235655690e+00
1.052750394485321817e+00
1.070118743416322848e+00
1.160477600658521347e+00
9.077095157122815339e-01
9.539094212419467755e-01
8.937764374309926652e-01
1.054974561165830105e+00
9.024845750249117504e-01
1.173522735659061178e+00
1.333774485186826730e+00
9.727255250723992885e-01
9.980514137194803626e-01
1.147196920946170984e+00
8.592678045377931673e-01
1.188542306709339247e+00
9.280446382374537562e-01
9.326303740713439705e-01
9.837153908030468186e-01
9.903758964887773297e-01
1.159585115930361177e+00
9.776795046360503560e-01
1.046177963998294880e+00
1.023622673207305489e+00
1.021452969906138319e+00
1.058950126223012322e+00
1.016505293528640275e+00
6.406913859005425316e-01
9.849696708113641064e-01
8.822476962661125466e-01
9.726863542577851574e-01
1.180251661239024807e+00
9.923498801396531954e-01
1.020531538478553379e+00
9.686259124687873756e-01
9.116599470155858365e-01
1.053948794877570316e+00
9.359688609427299077e-01
1.077320418568421534e+00
1.172695880106362276e+00
9.705375757306179407e-01
9.101178579713886663e-01
9.643199387521124155e-01
1.102911041941349257e+00
9.626968753863105466e-01
9.372039492307082664e-01
1.028109181599689670e+00
9.484701088866189789e-01
9.699976773193059731e-01
1.097587700129038391e+00
1.171546439307486143e+00
1.171443276045115889e+00
1.186509753262512845e+00
9.848471401119351931e-01
8.354406110715600908e-01
1.013260070862789686e+00
9.323147648041573143e-01
9.603032260442835311e-01
9.719765812900884594e-01
1.094385351889510360e+00
1.010085154654710493e+00
9.056937686759223283e-01
1.049264397690558459e+00
8.355444191971337364e-01
1.063867811556149290e+00
9.995358190638524709e-01
9.608816210514312672e-01
1.116774422965993052e+00
1.039557337812492266e+00
1.068631479560260500e+00
1.010744254301017886e+00
8.146277554940259957e-01
1.076605772332218214e+00
1.096865502466423781e+00
1.126606987270486249e+00
1.135904806570497305e+00
1.089772814542145252e+00
9.874221078405746033e-01
1.076900921094176455e+00
1.214161558537137253e+00
9.771134567185604247e-01
9.129488511956764807e-01
1.007718482317023989e+00
1.074937076231340383e+00
8.313565719425582978e-01
9.523049916259961334e-01
1.157904543841675071e+00
1.004729697382434894e+00
8.775130601389309337e-01
9.074641595440883224e-01
9.197641826201178317e-01
1.241073689889531373e+00
9.525035388567285599e-01
9.607867512980033942e-01
1.030651877216867129e+00
7.176106999668165898e-01
8.922324701821964243e-01
9.304697525882585918e-01
1.026871226035168227e+00
9.901735502363020469e-01
9.543827205158671445e-01
8.772682925072441407e-01
9.185777569676980558e-01
1.047671101606677757e+00
1.115670227634059319e+00
1.012003611640655443e+00
1.133488906785966366e+00
1.000132163512077899e+00
1.038644322484836513e+00
9.435264726321087592e-01
1.100905755932813257e+00
1.152620901253347707e+00
8.908134433168392041e-01
1.161607878466607069e+00
7.250943996710235151e-01
9.198557053355750357e-01
1.042813758568147398e+00
1.007387950384480924e+00
9.751527432049625910e-01
9.064174469124743894e-01
9.159189980759230298e-01
8.950043170354261557e-01
1.032884146797486080e+00
9.973427828433031328e-01
1.014128415134674555e+00
1.046602654680038214e+00
9.245845975116619986e-01
1.049128701430816601e+00
1.031698421558624679e+00
9.739918738684770760e-01
9.691386878721743869e-01
9.638175000723342434e-01
9.034455865968517019e-01
1.054018120639394596e+00
1.199357587191621333e+00
8.976678126536006275e-01
1.088654886999127047e+00
8.219563227597117550e-01
1.011760604341680025e+00
9.904795998791241507e-01
9.116028974480762104e-01
1.153813773799206910e+00
8.175784016751206362e-01
1.217951695173964843e+00
9.372705553754803187e-01
1.129150361142623682e+00
9.200457640946961835e-01
1.077893903846123269e+00
1.075505192854637970e+00
1.142791648933570325e+00
7.295046101637563396e-01
9.621096802792067360e-01
1.116170177593197810e+00
9.008184476682862263e-01
1.027911136404179748e+00
9.598255142991811706e-01
9.923335813408874495e-01
9.753148909930449140e-01
1.041327327164958128e+00
1.121586457376006818e+00
9.590396497382024377e-01
7.907282298253887065e-01
1.101323925744496890e+00
1.095919722235170868e+00
1.038861255201009248e+00
8.431863266882779762e-01
9.625656981651531385e-01
1.110927398311659653e+00
1.171004484985508798e+00
9.974127000720395264e-01
1.128124611201536176e+00
1.019592890399675822e+00
1.034053624494305934e+00
9.033290777976343833e-01
1.258264317286917899e+00
1.038396643030847333e+00
1.162373707582855520e+00
9.377960588733240677e-01
9.067020892149815214e-01
1.012957402307127053e+00
9.100429077193051830e-01
9.582774695414698618e-01
7.843943870086363956e-01
8.297653657365050561e-01
9.967864018485111943e-01
1.085899156340945693e+00
7.577777994540166873e-01
1.049983773733284442e+00
1.015037106939867151e+00
8.527627285215055863e-01
7.930089273385663162e-01
9.378781313401575170e-01
1.070799378130007584e+00
9.077288130985972092e-01
1.012407933891629641e+00
9.634853480788088120e-01
9.252198569376703929e-01
9.638972538159076286e-01
8.920631447716760309e-01
1.104373421052398108e+00
1.070274333989696958e+00
1.004031939441059285e+00
8.392402426844640662e-01
8.426937506856008175e-01
9.851016623752673063e-01
1.074966070446149669e+00
1.166360055740448320e+00
1.056257360950662694e+00
9.504731438163103174e-01
9.803182785932094134e-01
7.948651668990752706e-01
9.476837018830105430e-01
1.134777538491170690e+00
9.147621865448343215e-01
9.826224962223069070e-01
9.698196022117677728e-01
1.099525445214077246e+00
9.893636512880843448e-01
9.333494521351509698e-01
8.923193640766239332e-01
8.467142991630480786e-01
1.164706847533353740e+00
9.360916033725853458e-01
8.995581607656939482e-01
1.020083825047011450e+00
1.033715119710561847e+00
9.918597939590345636e-01
1.134912358518168407e+00
9.458655342886911344e-01
8.912130255142542978e-01
1.067279494197473255e+00
1.004594877741312509e+00
9.792471144626448964e-01
9.168248411945869591e-01
1.063142467391790635e+00
9.814764170660951192e-01
1.051784119254503436e+00
9.904144059284922808e-01
9.635922177061384541e-01
1.109202258682557840e+00
9.109609678420792500e-01
9.716949870384635757e-01
9.358979544542698203e-01
1.087231252268642256e+00
1.043649886446875508e+00
1.090055921937588046e+00
1.054566017168233394e+00
1.126609202855480163e+00
9.190120813810866984e-01
8.254151319007161369e-01
8.237128003372633511e-01
1.086098274106248596e+00
1.170750211609833835e+00
1.119974508456486717e+00
1.031328124858381878e+00
1.142337146744429210e+00
1.012035327780165472e+00
9.354347093266273117e-01
1.191024322485907394e+00
1.160417669283818842e+00
1.091893853582596607e+00
1.072785239975136973e+00
9.158866071827467259e-01
1.151451752451706945e+00
8.569443592808473342e-01
1.039558265701095108e+00
1.062837267656628226e+00
8.478994415702693077e-01
1.061768861878883419e+00
9.208754926364506321e-01
1.030251439460788676e+00
8.893771817800990576e-01
9.879132306370899119e-01
1.033439500613883899e+00
9.762960499530487501e-01
9.813933262461161933e-01
9.045582494440506105e-01
1.071171393554171791e+00
8.821007159544510534e-01
9.949422341095208733e-01
1.061408886263118356e+00
8.678065717680484292e-01
1.032684869493203150e+00
1.070539453638567284e+00
1.045609473278098278e+00
1.083357731997224072e+00
1.052198026331123248e+00
9.843965711658934081e-01
1.133243631402869100e+00
1.193536315285121496e+00
1.007161282465216301e+00
8.891646864230337011e-01
9.512652061493900302e-01
1.021319397395475947e+00
1.036089440036529918e+00
1.052573932248913602e+00
1.042169958822372067e+00
9.923746025613362498e-01
9.689063402502600120e-01
1.026409150988807806e+00
1.047804999209936083e+00
9.371979752411023767e-01
9.439257302048389420e-01
1.181905132487211851e+00
9.943584608264977032e-01
1.045104847981396468e+00
9.813130455689985654e-01
1.057178279101724572e+00
1.097141342200700587e+00
9.487140950555741359e-01
1.093949780920126624e+00
1.180091091578979068e+00
1.037448838688219466e+00
7.401287870515791401e-01
1.048880447979680941e+00
1.194198711092089082e+00
1.202289022461285439e+00
1.132583250822334575e+00
8.996886686741191186e-01
1.054211751215120341e+00
1.095214772149752491e+00
1.122234201501153272e+00
9.237389328779749276e-01
8.806035529377261861e-01
9.690669137562734070e-01
9.050543439416833813e-01
9.361157172240164304e-01
9.481793791136655658e-01
1.010281849703728252e+00
1.208456864154823673e+00
1.135200169283656191e+00
8.834522758180310964e-01
1.083335100364386960e+00
8.519144374125212638e-01
9.500763828919734921e-01
1.091030168138928946e+00
1.012689742166712481e+00
8.560718830066329499e-01
9.443830392362704274e-01
1.030372356914496690e+00
1.081181469884358926e+00
1.026659310730609231e+00
9.998967299859182756e-01
1.015777898588874129e+00
9.482443881873321434e-01
1.277481457295692957e+00
9.698854016327360661e-01
9.933772849304637331e-01
7.646417946638243146e-01
1.184330405076709392e+00
1.040664204671864601e+00
1.064268182823083775e+00
9.698210510800807649e-01
9.194509434030551098e-01
1.030594775979959410e+00
9.980934071179496936e-01
8.890781802438385562e-01
8.668165174318757105e-01
1.078258526978303156e+00
9.356117331570322770e-01
1.145860154287147381e+00
8.324207187039806000e-01
9.030900070377682054e-01
8.913289689016429262e-01
9.608201894427174095e-01
1.050991253416815985e+00
8.277786275500321755e-01
1.028389494880741273e+00
9.748349469407844303e-01
1.066938359907524836e+00
1.046603928027335151e+00
7.715675997516339146e-01
1.219715818627115089e+00
9.164996301377483778e-01
1.019955760425403923e+00
1.177013468831676457e+00
1.174983186319563000e+00
1.003708191604380850e+00
1.128624052660363031e+00
1.027139530455773775e+00
9.945026147898146096e-01
1.037071252964938628e+00
9.849296173727627446e-01
8.346803879265962678e-01
8.762551759456138623e-01
1.013141103643149910e+00
1.083834318253641182e+00
9.174302000911963573e-01
1.021440978245172104e+00
9.351308907266409065e-01
8.607087331651167572e-01
9.097695280214193048e-01
1.043261988771392534e+00
1.063217315036303789e+00
9.067755010683254957e-01
1.080344627272059821e+00
1.165018605619601910e+00
9.458057018072032474e-01
1.043151657171578872e+00
1.102267222890502829e+00
1.069809783341752585e+00
1.008682892901250350e+00
9.797981480400571597e-01
9.783375632925532805e-01
9.597097833703698289e-01
1.047440839744703256e+00
1.194326591629013112e+00
1.007834808193532661e+00
1.111635394309360869e+00
1.015388432720866208e+00
1.072325610715727739e+00
1.087144663257932464e+00
7.522731678821059642e-01
9.214609779444280502e-01
1.068017635893486084e+00
1.085587708145229868e+00
1.003632297445679722e+00
8.963061075015432699e-01
9.655497717165707483e-01
1.096510977969441525e+00
1.048375061900991501e+00
9.132857349410428149e-01
9.182911777078841542e-01
1.111567963640392565e+00
1.009669467935924825e+00
8.419120843091094653e-01
9.959683065951903114e-01
1.055110841187334447e+00
9.859940951463520564e-01
9.791331084848544641e-01
8.407860144459698981e-01
1.203512828464801787e+00
8.601418794449382510e-01
1.026454648840000372e+00
9.032425402777912726e-01
1.007740543168687886e+00
1.116422404271609770e+00
8.622433290362914171e-01
1.171892802362534347e+00
1.121442759787580457e+00
1.067588068717801653e+00
1.062840025978835756e+00
9.085282017996064718e-01
1.082401047142967476e+00
9.288881428080085767e-01
1.098538528895399713e+00
1.143443540495820088e+00
9.213073155749352816e-01
1.101536864360817436e+00
1.030601176909882843e+00
9.020618137061719999e-01
9.551742359021853090e-01
9.997425747241160954e-01
9.108822452494852451e-01
9.862328099868685749e-01
1.021554214091181301e+00
1.081003056033452925e+00
8.241591897896751728e-01
9.046027267998404398e-01
1.056082387940362910e+00
8.862767904165721466e-01
9.288767841692989746e-01
8.877000348154913123e-01
1.186228427908785577e+00
8.398400089376227839e-01
9.612888055778162633e-01
9.322155529741065205e-01
8.457418552004105639e-01
1.039020841121351291e+00
1.265742063556547281e+00
1.030977908020201061e+00
8.706828225988618719e-01
8.222475278696801393e-01
9.308243870354667715e-01
8.997207141143883646e-01
1.285006653143420330e+00
1.105460447545752567e+00
1.169115858550568765e+00
1.051934321828034369e+00
1.043437759374647333e+00
8.327656550316221429e-01
9.552079744055027577e-01
1.005676097589155216e+00
1.065705186890014700e+00
1.017401254659021204e+00
8.716867683107691889e-01
1.166111313607170796e+00
1.118159651184177372e+00
9.959365541289710855e-01
9.167604374118097921e-01
8.264765153607440684e-01
9.591094084982244583e-01
7.507835305117758207e-01
1.026626819319350403e+00
9.668285945164455386e-01
8.736960345306580278e-01
1.060680243274324530e+00
1.183458876943459304e+00
1.046672244765357362e+00
1.173471663055222880e+00
8.303900048148069590e-01
9.493849115693436813e-01
1.125321417008665392e+00
9.965518119303653499e-01
9.400442378717843717e-01
1.275266092309029542e+00
1.057952595050020594e+00
9.145242769436426888e-01
9.927394950968235765e-01
1.087108222517382927e+00
9.289603045207487364e-01
1.079072392484155873e+00
1.073146543377010209e+00
8.972773605330357505e-01
1.087692473205659871e+00
7.753647884674041979e-01
1.059641897690428269e+00
9.321580385013341630e-01
9.095494183381676034e-01
1.057536630263761879e+00
1.168165344418260920e+00
9.065959468509353636e-01
9.989440248220882168e-01
1.136806143787255641e+00
9.640238989602830655e-01
1.024671101947982610e+00
1.090442488155263900e+00
8.961889659574393541e-01
9.545578797818765615e-01
9.803478063536558151e-01
8.990417396081340495e-01
1.056247129710742305e+00
1.104265717074773612e+00
9.035781955956037059e-01
1.158441259021423031e+00
1.083904144072973308e+00
9.741795948337254041e-01
7.113328389162338894e-01
1.063686303670583921e+00
1.070170845284259542e+00
9.459183237887047735e-01
9.845519780581322156e-01
9.989332818117446777e-01
9.720305289611672617e-01
1.148168011607355821e+00
9.987475084429275896e-01
1.047822504656778619e+00
1.176895335113149921e+00
9.397564500650384955e-01
1.102048097243078617e+00
1.097169682305258354e+00
1.022707441212613810e+00
1.031288701129730256e+00
1.005082381552312887e+00
8.486030484098567861e-01
