0.2849686  0.4405218  0.5474778  0.4462035
0.5675606  0.8766058  1.087308   1.323352
0.8472809  1.306157   1.615482   2.166169
1.123665   1.727257   2.128488   2.961226
1.396283   2.138217   2.623435   3.699697
1.664743   2.5379 3.09811    4.377278
1.928694   2.925862   3.550983   4.993425
2.187825   3.300698   3.981156   5.550297
2.441868   3.661862   4.388287   6.051751
2.690597   4.009067   4.772495   6.502515
2.933828   4.342261   5.134264   6.907607
3.171415   4.661597   5.474348   7.271962
3.40325    4.96741    5.793688   7.600216
3.629262   5.260179   6.093349   7.896597
3.849409   5.540502   6.37446    8.164891
4.063683   5.809065   6.638175   8.408446
4.272098   6.066593   6.885638   8.630199
4.474697   6.313808   7.117967   8.832717
4.671539   6.551353   7.336229   9.018232
4.862705   6.779713   7.541442   9.188688
5.04829    6.999144   7.734559   9.345776
5.228402   7.209644   7.916474   9.490966
5.40316    7.410997   8.088017   9.625542
5.572691   7.602898   8.249956   9.750623
5.737132   7.785096   8.403002   9.867188
5.89662    7.957498   8.547811   9.976096
6.0513 8.120214   8.684984   10.0781
6.201318   8.273534   8.815078   10.17387
6.34682    8.417888   8.938599   10.26399
6.487952   8.553791   9.056018   10.34898
6.624863   8.681795   9.167764   10.4293
6.757695   8.802465   9.274232   10.50535
6.886592   8.91635    9.375784   10.57752
7.011694   9.023973   9.472756   10.64611
7.133139   9.125823   9.565453   10.71143
7.25106    9.222354   9.654159   10.77374
7.365588   9.313983   9.739134   10.83326
7.476849   9.401091   9.820618   10.89023
7.584967   9.484026   9.898833   10.94483
7.69006    9.563105   9.973982   10.99726
7.792243   9.638616   10.04626   11.04764
7.891627   9.710823   10.11583   11.09613
7.98832    9.779963   10.18286   11.14284
8.082424   9.846255   10.24751   11.1879
8.174038   9.909898   10.30991   11.23142
8.263258   9.971072   10.37018   11.2735
8.350175   10.02994   10.42846   11.31423
8.434877   10.08666   10.48484   11.35368
8.517449   10.14137   10.53945   11.39195
8.597971   10.19419   10.59236   11.42909
8.676521   10.24524   10.64368   11.46518
8.753173   10.29464   10.69348   11.50028
8.828  10.34247   10.74185   11.53443
8.901068   10.38883   10.78886   11.5677
8.972444   10.43381   10.83458   11.60013
9.042189   10.47748   10.87907   11.63176
9.110365   10.51991   10.9224    11.66264
9.177029   10.56118   10.96461   11.6928
9.242235   10.60134   11.00577   11.72227
9.306037   10.64045   11.04592   11.75111
9.368485   10.67857   11.08512   11.77932
9.429627   10.71575   11.1234    11.80695
9.48951    10.75203   11.1608    11.83402
9.548177   10.78746   11.19737   11.86055
9.605672   10.82208   11.23315   11.88658
9.662036   10.85592   11.26816   11.91212
9.717306   10.88902   11.30244   11.93718
9.771521   10.92142   11.33603   11.96181
9.824717   10.95315   11.36894   11.986
9.876927   10.98424   11.40122   12.00978
9.928185   11.01471   11.43288   12.03317
9.978522   11.04459   11.46395   12.05618
10.02797   11.07391   11.49446   12.07883
10.07655   11.10268   11.52442   12.10113
10.12431   11.13094   11.55386   12.12309
10.17125   11.1587    11.5828    12.14472
10.21741   11.18598   11.61126   12.16605
10.26282   11.2128    11.63925   12.18707
10.3075    11.23918   11.6668    12.2078
10.35146   11.26514   11.69391   12.22825
10.39474   11.29068   11.72062   12.24844
10.43735   11.31583   11.74692   12.26836
10.47931   11.3406    11.77283   12.28802
10.52064   11.36501   11.79838   12.30745
10.56137   11.38906   11.82356   12.32664
10.6015    11.41276   11.8484    12.34559
10.64106   11.43614   11.87291   12.36433
10.68006   11.4592    11.89709   12.38286
10.71852   11.48195   11.92096   12.40117
10.75646   11.5044    11.94452   12.41928
10.79388   11.52656   11.9678    12.4372
10.83081   11.54845   11.99079   12.45493
10.86725   11.57006   12.01351   12.47247
10.90322   11.59141   12.03596   12.48984
10.93873   11.61251   12.05815   12.50702
10.9738    11.63336   12.0801    12.52405
11.00844   11.65398   12.1018    12.5409
11.04265   11.67436   12.12327   12.5576
11.07646   11.69451   12.14452   12.57414
