3.25    3.25    3.25    3.25
3.320842    3.331534    3.334262    3.33721
3.39153 3.412837    3.41831 3.424093
3.462061    3.493886    3.502112    3.510632
3.532431    3.574658    3.585643    3.596808
3.602638    3.655135    3.668876    3.682598
3.672679    3.7353  3.75179 3.767987
3.74255 3.815135    3.834367    3.852958
3.812249    3.894625    3.916592    3.937505
3.881773    3.973755    3.998452    4.02162
3.951118    4.05251 4.07994 4.105304
4.020281    4.130875    4.16105 4.188558
4.089258    4.208838    4.241778    4.271389
4.158048    4.286386    4.322122    4.353804
4.226645    4.363507    4.402082    4.435812
4.295048    4.440191    4.48166 4.517426
4.363252    4.51643 4.560859    4.598656
4.431254    4.592218    4.639682    4.679517
4.499051    4.667549    4.718134    4.760023
4.566639    4.74242 4.796218    4.840186
4.634016    4.816831    4.87394 4.920022
4.701176    4.890782    4.951305    4.999543
4.768118    4.964274    5.028318    5.078761
4.834838    5.037309    5.104984    5.157687
4.901332    5.109891    5.181308    5.236329
4.967597    5.182025    5.257293    5.314694
5.03363 5.253713    5.332944    5.392787
5.099428    5.324961    5.408263    5.470609
5.164987    5.395773    5.483251    5.548288
5.230304    5.466153    5.557908    5.625448
5.295376    5.536105    5.632235    5.702476
5.360201    5.605634    5.706229    5.779301
5.424775    5.674741    5.779887    5.840928
5.489096    5.743432    5.853205    5.932073
5.55316 5.811707    5.926179    6.008176
5.616967    5.87957 5.998803    6.084279
5.680512    5.947022    6.071073    6.160382
5.743794    6.014065    6.142984    6.236485
5.806811    6.080701    6.214534    6.312588
5.869561    6.146931    6.285911    6.388691
5.932041    6.212755    6.321629    6.464794
5.99425 6.278176    6.407644    6.540897
6.056187    6.343193    6.497794    6.617
6.117849    6.407808    6.567714    6.693103
6.179236    6.472021    6.637328    6.769206
6.240346    6.535834    6.706649    6.845309
6.301178    6.599248    6.775701    6.921412
6.361731    6.662264    6.844553    6.997515
6.422005    6.724883    6.913101    7.073618
6.481998    6.787108    6.981299    7.149721
6.54171 6.84894 7.049126    7.225824
6.601142    6.910381    7.116568    7.291927
6.660291    6.971435    7.183617    7.35803
6.719159    7.032103    7.250275    7.424133
6.777745    7.092388    7.316545    7.490236
6.836049    7.152294    7.382429    7.556339
6.894071    7.211824    7.447932    7.622442
6.951812    7.270981    7.513059    7.688545
7.009272    7.329769    7.577817    7.754648
7.066451    7.388192    7.642214    7.820751
7.12335 7.446254    7.706257    7.886854
7.17997 7.503959    7.76995 7.952957
7.236312    7.561311    7.833297    8.01906
7.292376    7.618315    7.896299    8.085163
7.348163    7.674975    7.95896 8.151266
7.403676    7.731296    8.021287    8.217369
7.458914    7.787283    8.083288    8.283472
7.51388 7.84294 8.144975    8.349575
7.568575    7.898273    8.206363    8.415678
7.623001    7.953286    8.267468    8.481781
7.677158    8.007986    8.328317    8.537884
7.731048    8.062376    8.388944    8.593987
7.784671    8.116463    8.449408    8.65009
7.838025    8.170251    8.509825    8.706193
7.891111    8.223747    8.570523    8.762296
7.943927    8.276956    8.623793    8.818399
7.996471    8.329882    8.677063    8.874502
8.048742    8.382532    8.730333    8.930605
8.100742    8.434911    8.783603    8.986708
8.152472    8.487024    8.836873    9.042811
8.203934    8.538877    8.890143    9.096714
8.255131    8.590474    8.943413    9.159017
8.306065    8.641821    8.996683    9.21792
8.356742    8.692924    9.049953    9.272223
8.407163    8.743786    9.103223    9.339326
8.457334    8.794414    9.156493    9.388429
8.507257    8.844813    9.209763    9.445532
8.556938    8.894986    9.263033    9.511435
8.606379    8.944941    9.316303    9.577238
8.655586    8.994682    9.369573    9.634241
8.704561    9.044219    9.422843    9.690144
8.753309    9.09366 9.476113    9.735947
8.801835    9.143101    9.529383    9.77315
8.850142    9.192542    9.582653    9.829153
8.898234    9.241983    9.635923    9.884256
8.946117    9.291424    9.689193    9.940359
8.993793    9.340865    9.742463    9.990462
9.041267    9.390306    9.795733    10.050565
9.088544    9.439747    9.849003    10.100058
