0.02109 -0.01113    -0.02206    0.04371 0.01038
0.621995    0.431135    0.36601 0.756993    0.558744
1.212193    0.868729    0.750545    1.457133    1.098821
1.787745    1.3000672   1.130449    2.138708    1.627629
2.345296    1.7237  1.5047  2.79718 2.142552
2.88217 2.138336    1.872369    3.42903 2.64142
3.39643 2.54287 2.232632    4.03182 3.12253
3.88682 2.93638 2.58478 4.60413 3.58468
4.35272 3.31816 2.92822 5.14543 4.02711
4.74802 3.68767 3.26249 5.65592 4.44946
5.19722 4.04457 3.58723 6.13638 4.85174
5.60498 4.38868 3.9022  6.58799 5.23425
5.92534 4.71995 4.20724 7.01221 5.59748
6.27811 5.03848 4.5023  7.41064 5.94212
6.58842 5.34446 4.78742 7.78497 6.26897
6.9075  5.63816 5.06269 8.1369  6.5789
7.26012 5.91993 5.32826 8.46807 6.87282
7.50215 6.19016 5.58433 8.78008 7.15166
7.74747 6.44928 5.83114 9.07441 7.41633
8.01481 6.69774 6.06897 9.35247 7.66773
8.25233 6.936   6.29811 9.61554 7.90671
8.50198 7.16453 6.51886 9.86483 8.1341
8.69318 7.38381 6.73155 10.10143    8.35068
8.91341 7.59429 6.9365  10.32633    8.55717
9.10436 7.79642 7.13402 10.54047    8.75427
9.28644 7.99063 7.32445 10.74466    8.9426
9.4603  8.17735 7.50809 10.93968    9.12276
9.62654 8.35698 7.68526 11.12621    9.29531
9.78572 8.52989 7.85626 11.30487    9.46074
9.93833 8.69646 8.02137 11.4762 9.61954
10.08484    8.85702 8.18089 11.6409 9.77214

